4.999838769435882568e-02
1.548782587051391602e-01
2.700012028217315674e-01
3.963676393032073975e-01
5.350756049156188965e-01
6.873304843902587891e-01
8.544553518295288086e-01
1.037902474403381348e+00
1.239265799522399902e+00
1.460295438766479492e+00
1.702911853790283203e+00
1.969223260879516602e+00
2.261543989181518555e+00
2.582414388656616211e+00
2.933983325958251953e+00
3.318491697311401367e+00
3.738967657089233398e+00
4.198775291442871094e+00
4.701593875885009766e+00
5.251225471496582031e+00
5.850526332855224609e+00
6.502707958221435547e+00
7.212436676025390625e+00
7.983942985534667969e+00
8.820073127746582031e+00
9.724560737609863281e+00
1.070159053802490234e+01
1.175381374359130859e+01
1.288502597808837891e+01
1.409846591949462891e+01
1.539749526977539062e+01
1.678572845458984375e+01
1.826646995544433594e+01
1.984390258789062500e+01
2.152197647094726562e+01
2.330560302734375000e+01
2.520038414001464844e+01
2.721325111389160156e+01
2.935297203063964844e+01
3.162938880920410156e+01
3.405275726318359375e+01
3.663326263427734375e+01
3.938058090209960938e+01
4.230336761474609375e+01
4.540867614746093750e+01
4.870044708251953125e+01
5.217876815795898438e+01
5.583939361572265625e+01
5.967076873779296875e+01
6.365442276000976562e+01
6.777132415771484375e+01
7.200587463378906250e+01
7.634629821777343750e+01
8.078465270996093750e+01
8.531707763671875000e+01
8.994494628906250000e+01
9.467584991455078125e+01
9.952442169189453125e+01
1.045123519897460938e+02
1.096610412597656250e+02
1.149871902465820312e+02
1.205074157714843750e+02
1.262399749755859375e+02
1.322047119140625000e+02
1.384238586425781250e+02
1.449220886230468750e+02
1.517268371582031250e+02
1.588690338134765625e+02
1.663831176757812500e+02
1.743079376220703125e+02
1.826875000000000000e+02
1.915718688964843750e+02
2.010181427001953125e+02
2.111009063720703125e+02
2.219538726806640625e+02
2.337776184082031250e+02
2.468178100585937500e+02
2.613726501464843750e+02
2.778073120117187500e+02
2.965681762695312500e+02
3.181944274902343750e+02
3.433207702636718750e+02
3.726532897949218750e+02
4.068876953125000000e+02
4.465180664062500000e+02
4.914717712402343750e+02
5.406372680664062500e+02
5.928059692382812500e+02
6.476015014648437500e+02
7.048964233398437500e+02
7.644728393554687500e+02
8.260079956054687500e+02
8.890637207031250000e+02
9.530830688476562500e+02
1.017525024414062500e+03
1.082140258789062500e+03
1.146900390625000000e+03
1.211781616210937500e+03
1.276759155273437500e+03
1.341807739257812500e+03
1.406901489257812500e+03
1.471995361328125000e+03
1.536764160156250000e+03
1.600580566406250000e+03
1.662840698242187500e+03
1.723074829101562500e+03
1.780947875976562500e+03
1.836249389648437500e+03
1.888876953125000000e+03
1.938637695312500000e+03
1.984496459960937500e+03
2.025187377929687500e+03
2.060387451171875000e+03
2.090484375000000000e+03
2.116175048828125000e+03
2.138211669921875000e+03
2.157278808593750000e+03
2.173955810546875000e+03
2.188714355468750000e+03
2.201934082031250000e+03
2.213919677734375000e+03
2.224916992187500000e+03
2.235124755859375000e+03
2.244680908203125000e+03
2.253665039062500000e+03
2.262135009765625000e+03
2.270141601562500000e+03
2.277729492187500000e+03
2.284938232421875000e+03
2.291802978515625000e+03
2.298355468750000000e+03
2.304623779296875000e+03
2.310632812500000000e+03
2.316405517578125000e+03
2.321962402343750000e+03
2.327322021484375000e+03
2.332501220703125000e+03
2.337516357421875000e+03
2.342388183593750000e+03
2.347138916015625000e+03
2.351784423828125000e+03
2.356333251953125000e+03
2.360788085937500000e+03
2.365145751953125000e+03
2.369399414062500000e+03
2.373538085937500000e+03
2.377546875000000000e+03
2.381407958984375000e+03
2.385101806640625000e+03
2.388615478515625000e+03
2.391943115234375000e+03
2.395083740234375000e+03
2.398040771484375000e+03
2.400820312500000000e+03
2.403430419921875000e+03
2.405881347656250000e+03
2.408183105468750000e+03
2.410345947265625000e+03
2.412380126953125000e+03
2.414294921875000000e+03
2.416097167968750000e+03
2.417793212890625000e+03
2.419387695312500000e+03
2.420884765625000000e+03
2.422288574218750000e+03
2.423602539062500000e+03
2.424830566406250000e+03
2.425975830078125000e+03
2.427041748046875000e+03
2.428031494140625000e+03
2.428948974609375000e+03
2.429797119140625000e+03
2.430579589843750000e+03
2.431300781250000000e+03
2.431963623046875000e+03
2.432571777343750000e+03
2.433130126953125000e+03
2.433641601562500000e+03
2.434109619140625000e+03
2.434537109375000000e+03
2.434927734375000000e+03
2.435284667968750000e+03
2.435610839843750000e+03
2.435908447265625000e+03
2.436179443359375000e+03
2.436426269531250000e+03
2.436650878906250000e+03
2.436855468750000000e+03
2.437041748046875000e+03
2.437211425781250000e+03
2.437365722656250000e+03
2.437506347656250000e+03
2.437634521484375000e+03
2.437751220703125000e+03
2.437857177734375000e+03
2.437953857421875000e+03
