  0.600542351278082       0.600622993742476       0.600680691693753     
  0.600745637035814       0.600868317834599       0.601094726959405     
  0.601391034612015       0.601715920858984       0.602044759790914     
  0.602372802525332       0.602703637529380       0.603027728174990     
  0.603345730617487       0.603650119090637       0.603924405962505     
  0.604186603815184       0.604469691693052       0.604788905472552     
  0.605194597493882       0.605794949934259       0.606519811131003     
  0.607420718412145       0.608549449460220       0.609892215404493     
  0.611953047006415       0.614099120422070       0.616417707260181     
  0.619084272206997       0.622936731907558       0.627109458589425     
  0.631639926436955       0.637759955634175       0.644554704517404     
  0.651734542240274       0.657758865226782       0.664582950983483     
  0.668609561290739       0.672396387474181       0.677483372697779     
  0.678461476718204       0.672755194549422       0.665107693838884     
  0.656868973746871       0.648580879158088       0.634628164577949     
  0.618356787497978       0.601126147878240       0.599185474236474     
  0.564723465054786       0.515289477564836       0.466977026613897     
  0.426831539625847       0.394107121630119       0.366658332635682     
  0.339925092176442       0.319676370687725       0.303799732557255     
  0.290605923932596       0.279080804770790       0.268739144433502     
  0.259349251343321       0.251624379025802       0.244642354846054     
  0.237905408430603       0.231463746397299       0.225039323105243     
  0.218081008292233       0.208702635945599       0.194323130097601     
  0.178747458490625       0.155744493303690       0.139461324057574     
  0.134587855029235       0.133047296796364       0.132410212291525     
  0.131681899925991       0.130660244400527       0.129217942645105     
  0.127013412533741       0.122922693237260       0.113369147972090     
  0.106296827888513       0.102836684679783       8.543534145159713E-002
  4.669356925885879E-002  4.386829024296086E-002  2.792980040784680E-002
  1.608841778498562E-002  1.383564463065394E-002  1.285936384865159E-002
  9.092298867483094E-003  7.909183777016618E-003  7.782517431397976E-003
  7.756998487647483E-003  7.736252131740968E-003  7.714075530522160E-003
  7.689370717556340E-003  7.660457143507883E-003  7.624110761688114E-003
  7.573848976289611E-003  7.494673994636082E-003  7.343212595287971E-003
  4.089468650355711E-003  3.796699813814789E-003  3.739863554571647E-003
  3.568121821561000E-003  1.763738057383449E-003  1.539006368645820E-003
  1.528889115617948E-003  1.526411118525758E-003  1.524155232013585E-003
  1.521982372084462E-003  1.519899750170207E-003  1.517876878011396E-003
  1.515870943325380E-003  1.513848748573653E-003  1.511776723670069E-003
  1.509619692342503E-003  1.507339841027125E-003  1.504894687744140E-003
  1.502171631718096E-003  1.499104102510402E-003  1.495696539944942E-003
  1.491897959172992E-003  1.487648263465032E-003  1.482854802294675E-003
  1.477397472407441E-003  1.471148111098487E-003  1.463927749708668E-003
  1.455493850827490E-003  1.445503346957089E-003  1.433318629879250E-003
  1.417671352727221E-003  1.395582175530611E-003  1.358684340026564E-003
  1.282500827841030E-003  1.131934764811228E-003  9.775090734164115E-004
  8.172677961245005E-004  6.475304113655520E-004  4.865429107258402E-004
  3.514127923136521E-004  3.084577067780714E-004  3.021342914378162E-004
  2.991217877761893E-004  2.972536706515179E-004  2.960305110670379E-004
  2.952143472626749E-004  2.946641651287451E-004  2.942896527215140E-004
  2.940319217181578E-004  2.938522810777334E-004  2.937253088082347E-004
  2.936341977371301E-004  2.935678103112928E-004  2.935187072421126E-004
  2.934818053732297E-004  2.934537112542470E-004  2.934320292650693E-004
  2.934150915445029E-004  2.934017055011318E-004  2.933911807348303E-004
  2.933828348050288E-004  2.933761184207315E-004  2.933705741384704E-004
  2.933659407637934E-004  2.933619563733883E-004  2.933585154053202E-004
  2.933554678432536E-004  2.933527613173919E-004  2.933503091868856E-004
  2.933480988919662E-004  2.933461089886630E-004  2.933442702057766E-004
  2.933425970213509E-004  2.933410900189190E-004  2.933397410554969E-004
  2.933384762389834E-004  2.933373249248103E-004  2.933361991604053E-004
  2.933351784966848E-004  2.933342372707716E-004  2.933334197508344E-004
  2.933326454428123E-004  2.933319310901432E-004  2.933312431731667E-004
  2.933306067640132E-004  2.933300254558627E-004  2.933294951823018E-004
  2.933289597831855E-004  2.933284638359757E-004  2.933279576849370E-004
  2.933274933026557E-004  2.933269873585060E-004  2.933263965995937E-004
  2.933255383062288E-004
